					mysseg:
 ———————————————————————————————————————————————————————————————————————————————————  
dmn:
multi_dict:25 (0.19,0.14,0.22,0.21)
multi_srm: 75  (0.27,0.17,0.31,0.43)
srm:	   75 (0.24,0.11,0.19,0.37)
ica:	   50 (0.16,0.07,0.09,0.15)
gica:	   100 (0.18,0.08,0.11,0.09)
dict:   50 (0.19,0.09,0.10,0.21)


pt:
multi_dict:50 (0.30,0.21,0.29,0.24)
multi_srm: 75 (0.38,0.22,0.31,0.49)
srm:	   75 (0.35,0.16,0.22,0.46)
ica:	   25 (0.25,0.11,0.14,0.10)
gica:	   50 (0.32,0.15,0.22,0.14)
dict_tv:   25 (0.31,0.20,0.23,0.26)	   


eac:
multi_dict: 50(0.27,0.20,0.30,0.21)
multi_srm: 100 (0.39,0.25,0.35,0.44)
srm:	   50 (0.35,0.15,0.27,0.44)
ica:	   25 (0.24,0.13,0.20,0.07)
gica:	   25 (0.30,0.17,0.26,0.15)
dict_tv:   50 (0.30,0.20,0.27,0.22)	   

 ———————————————————————————————————————————————————————————————————————————————————
				    mapping:
 ———————————————————————————————————————————————————————————————————————————————————
dmn:
multi_dict:75 (0.29,0.21,0.25,0.53)
multi_srm: 75(0.36,0.29,0.33,0.59)
srm:	   75 (0.33,0.17,0.46,0.55)
ica:	   75 (0.29,0.29,0.21,0.36)
gica:	   75 (0.29,0.29,0.29,0.45)
dict:	   50 (0.21,0.25,0.33,0.46)


pt:
multi_dict:50(0.38,0.38,0.54,0.33)
multi_srm: 150 (0.38,0.17,0.38,0.55)
srm:	   50 (0.38,0.33,0.38,0.49)
ica:	   50 (0.29,0.46,0.33,0.24)
gica:	   50 (0.31,0.25,0.46,0.33)
dict:	   25 (0.17,0.33,0.5,0.25)


eac:
multi_dict: 50(0.29,0.25,0.46,0.31)
multi_srm: 75(0.43,0.25,0.33,0.48)
srm:	   75 (0.26,0.33,0.46,0.46)
ica:	   25 (0.24,0.38,0.5,0.35)
gica:	   50 (0.29,0.29,0.46,0.31)
dict:	   50(0.14,0.25,0.38,0.33)

———————————————————————————————————————————————————————————————————————————————————
				    imgpred:
———————————————————————————————————————————————————————————————————————————————————
pmc:
multi_dict:100 (0.058)
multi_srm: 125 (0.1412)
srm:       125 (0.1346)
ica:	   25  (0.045)
gica:      25  (0.039)
dict:	   100 (0.049)
